0	0	0
0.025	5.76627e-05	0.000148408
0.05	0.000228729	0.000593075
0.075	0.000519315	0.00133234
0.1	0.000922967	0.00236342
0.125	0.00144849	0.00368247
0.15	0.00209368	0.00528456
0.175	0.00284665	0.00716372
0.2	0.00368496	0.00931294
0.225	0.00468622	0.0117242
0.25	0.00575211	0.0143887
0.275	0.00691413	0.0172964
0.3	0.00820457	0.0204367
0.325	0.00965976	0.0237981
0.35	0.0111389	0.0273683
0.375	0.012794	0.0311343
0.4	0.0145479	0.0350824
0.425	0.016389	0.0391984
0.45	0.0182097	0.0434676
0.475	0.0203323	0.0478747
0.5	0.0224972	0.0524042
0.525	0.024564	0.0570401
0.55	0.0267224	0.0617662
0.575	0.0290365	0.0665662
0.6	0.0314086	0.0714236
0.625	0.0340168	0.0763219
0.65	0.0367893	0.0812446
0.675	0.0396492	0.0861752
0.7	0.0421776	0.0910975
0.725	0.0451154	0.0959954
0.75	0.0477925	0.100853
0.775	0.0506727	0.105655
0.8	0.0540995	0.110387
0.825	0.0564866	0.115034
0.85	0.0602045	0.119581
0.875	0.0627571	0.124015
0.9	0.0654822	0.128324
0.925	0.0683028	0.132495
0.95	0.0714003	0.136516
0.975	0.0741091	0.140377
1	0.0784268	0.144067
1.025	0.0813507	0.147577
1.05	0.0844902	0.150899
1.075	0.0875247	0.154024
1.1	0.0908472	0.156946
1.125	0.0942384	0.159658
1.15	0.096829	0.162155
1.175	0.100487	0.164433
1.2	0.103998	0.166488
1.225	0.105495	0.168317
1.25	0.108843	0.169918
1.275	0.112027	0.17129
1.3	0.115337	0.172433
1.325	0.119185	0.173347
1.35	0.122375	0.174032
1.375	0.125657	0.174491
1.4	0.127713	0.174727
1.425	0.130807	0.174742
1.45	0.132283	0.174541
1.475	0.134713	0.174127
1.5	0.138664	0.173506
1.525	0.143365	0.172683
1.55	0.146347	0.171664
1.575	0.148218	0.170456
1.6	0.152359	0.169066
1.625	0.154	0.1675
1.65	0.155697	0.165767
1.675	0.159504	0.163873
1.7	0.162154	0.161828
1.725	0.163156	0.15964
1.75	0.165129	0.157317
1.775	0.168752	0.154867
1.8	0.169929	0.1523
1.825	0.171099	0.149624
1.85	0.174584	0.146849
1.875	0.176634	0.143982
1.9	0.179155	0.141032
1.925	0.181168	0.138009
1.95	0.18186	0.134921
1.975	0.182359	0.131776
2	0.184125	0.128583
2.025	0.184562	0.12535
2.05	0.189242	0.122084
2.075	0.192097	0.118794
2.1	0.192697	0.115487
2.125	0.195091	0.11217
2.15	0.194651	0.108849
2.175	0.197969	0.105533
2.2	0.19985	0.102227
2.225	0.201136	0.0989368
2.25	0.198904	0.0956687
2.275	0.206798	0.0924278
2.3	0.206998	0.0892194
2.325	0.205041	0.0860482
2.35	0.205368	0.0829187
2.375	0.207509	0.0798351
2.4	0.209772	0.076801
2.425	0.212139	0.0738201
2.45	0.212911	0.0708955
2.475	0.214196	0.06803
2.5	0.220253	0.0652262
2.525	0.221411	0.0624865
2.55	0.220446	0.0598126
2.575	0.21879	0.0572065
2.6	0.217533	0.0546693
2.625	0.217618	0.0522025
2.65	0.218425	0.0498067
2.675	0.219512	0.0474828
2.7	0.223438	0.0452311
2.725	0.222099	0.0430518
2.75	0.222689	0.0409451
2.775	0.22236	0.0389107
2.8	0.224092	0.0369483
2.825	0.225446	0.0350573
2.85	0.227699	0.0332372
2.875	0.222826	0.0314869
2.9	0.225054	0.0298058
2.925	0.227377	0.0281925
2.95	0.225988	0.026646
2.975	0.225519	0.025165
3	0.228239	0.0237482
3.025	0.231654	0.0223939
3.05	0.231351	0.0211009
3.075	0.232173	0.0198673
3.1	0.234637	0.0186918
3.125	0.234599	0.0175725
3.15	0.235509	0.0165078
3.175	0.233656	0.015496
3.2	0.235627	0.0145353
3.225	0.23491	0.013624
3.25	0.23413	0.0127603
3.275	0.235243	0.0119425
3.3	0.235976	0.0111688
3.325	0.239268	0.0104375
3.35	0.241058	0.00974692
3.375	0.241487	0.00909531
3.4	0.241447	0.00848102
3.425	0.235912	0.00790243
3.45	0.236849	0.00735793
3.475	0.233012	0.00684595
3.5	0.23287	0.00636495
3.525	0.234074	0.00591345
3.55	0.230943	0.00548998
3.575	0.231247	0.00509316
3.6	0.22869	0.0047216
3.625	0.223019	0.00437399
3.65	0.220418	0.00404906
3.675	0.223144	0.00374557
3.7	0.219075	0.00346234
3.725	0.217519	0.00319824
3.75	0.218582	0.00295217
3.775	0.216634	0.00272309
3.8	0.212184	0.00251
3.825	0.21039	0.00231193
3.85	0.210641	0.00212799
3.875	0.211431	0.00195729
3.9	0.213113	0.001799
3.925	0.220251	0.00165235
3.95	0.21627	0.00151659
3.975	0.217865	0.00139099
4	0.214492	0.0012749
4.025	0.211545	0.00116768
4.05	0.206638	0.00106872
4.075	0.205206	0.000977467
4.1	0.208345	0.000893378
4.125	0.201327	0.000815952
4.15	0.20107	0.000744715
4.175	0.19987	0.000679225
4.2	0.20025	0.000619061
4.225	0.200117	0.000563835
4.25	0.196224	0.000513178
4.275	0.199316	0.000466749
4.3	0.203515	0.000424226
4.325	0.198844	0.00038531
4.35	0.197538	0.000349722
4.375	0.1948	0.000317201
4.4	0.194866	0.000287506
4.425	0.19396	0.000260412
4.45	0.196141	0.000235708
4.475	0.194216	0.000213201
4.5	0.197569	0.000192711
4.525	0.197479	0.00017407
4.55	0.197565	0.000157125
4.575	0.196019	0.000141732
4.6	0.197158	0.000127759
4.625	0.199474	0.000115086
4.65	0.192931	0.000103598
4.675	0.190119	9.31938e-05
4.7	0.190624	8.37772e-05
4.725	0.186769	7.52607e-05
4.75	0.181606	6.7564e-05
4.775	0.181069	6.06131e-05
4.8	0.174854	5.43404e-05
4.825	0.169126	4.86837e-05
4.85	0.166965	4.35863e-05
4.875	0.165597	3.89962e-05
4.9	0.165717	3.48658e-05
4.925	0.15971	3.11518e-05
4.95	0.151301	2.78146e-05
4.975	0.152039	2.48181e-05
5	0.151531	2.21295e-05
5.025	0.148888	1.97188e-05
5.05	0.141301	1.75589e-05
5.075	0.140335	1.56251e-05
5.1	0.13802	1.38948e-05
5.125	0.142407	1.23479e-05
5.15	0.137242	1.09658e-05
5.175	0.131839	9.73183e-06
5.2	0.129339	8.63093e-06
5.225	0.125043	7.64944e-06
5.25	0.127127	6.77502e-06
5.275	0.129982	5.99653e-06
5.3	0.126904	5.30394e-06
5.325	0.12985	4.6882e-06
5.35	0.132364	4.14117e-06
5.375	0.138642	3.65553e-06
5.4	0.137025	3.22468e-06
5.425	0.136765	2.84271e-06
5.45	0.138904	2.50432e-06
5.475	0.142626	2.20474e-06
5.5	0.141019	1.9397e-06
5.525	0.133325	1.70538e-06
5.55	0.132797	1.49838e-06
5.575	0.12925	1.31562e-06
5.6	0.126167	1.15439e-06
5.625	0.120461	1.01224e-06
5.65	0.12303	8.87006e-07
5.675	0.124819	7.76751e-07
5.7	0.126936	6.79749e-07
5.725	0.128365	5.94466e-07
5.75	0.125186	5.19538e-07
5.775	0.126913	4.53754e-07
5.8	0.12711	3.96037e-07
5.825	0.120112	3.45432e-07
5.85	0.120076	3.01094e-07
5.875	0.116044	2.62274e-07
5.9	0.115644	2.28308e-07
5.925	0.114342	1.98609e-07
5.95	0.118933	1.7266e-07
5.975	0.112036	1.50002e-07
6	0.1136	1.30231e-07
6.025	0.11436	1.12992e-07
6.05	0.110008	9.79696e-08
6.075	0.105347	8.48888e-08
6.1	0.10486	7.35061e-08
6.125	0.105689	6.36078e-08
6.15	0.105339	5.50061e-08
6.175	0.107884	4.75364e-08
6.2	0.107126	4.1054e-08
6.225	0.11169	3.54323e-08
6.25	0.111572	3.05604e-08
6.275	0.108708	2.6341e-08
6.3	0.111091	2.26892e-08
6.325	0.112148	1.95309e-08
6.35	0.109608	1.68012e-08
6.375	0.114986	1.44435e-08
6.4	0.111909	1.24086e-08
6.425	0.109347	1.06533e-08
6.45	0.104424	9.14037e-09
6.475	0.105054	7.83715e-09
6.5	0.106086	6.71534e-09
6.525	0.101363	5.75035e-09
6.55	0.100019	4.9208e-09
6.575	0.0951957	4.20817e-09
6.6	0.0914613	3.59639e-09
6.625	0.0891472	3.07154e-09
6.65	0.0879412	2.62157e-09
6.675	0.0870187	2.23606e-09
6.7	0.0882559	1.906e-09
6.725	0.0859728	1.62359e-09
6.75	0.0847553	1.38213e-09
6.775	0.0872958	1.17581e-09
6.8	0.0822845	9.99636e-10
6.825	0.0803849	8.49305e-10
6.85	0.077148	7.21111e-10
6.875	0.0754567	6.11868e-10
6.9	0.0748911	5.18837e-10
6.925	0.0747691	4.39664e-10
6.95	0.0696103	3.7233e-10
6.975	0.068508	3.15103e-10
7	0.0648336	2.66498e-10
7.025	0.0623859	2.25244e-10
7.05	0.0636501	1.90252e-10
7.075	0.0637983	1.60592e-10
7.1	0.0636814	1.35468e-10
7.125	0.0671257	1.142e-10
7.15	0.0646258	9.62088e-11
7.175	0.0665078	8.09992e-11
7.2	0.0603154	6.81498e-11
7.225	0.0566135	5.73016e-11
7.25	0.0542697	4.81489e-11
7.275	0.0498689	4.0432e-11
7.3	0.0502585	3.39298e-11
7.325	0.0492533	2.84549e-11
7.35	0.0468246	2.38479e-11
7.375	0.0441235	1.99739e-11
7.4	0.0391969	1.67183e-11
7.425	0.038649	1.39844e-11
7.45	0.0406915	1.16899e-11
7.475	0.0384926	9.76556e-12
7.5	0.0406539	8.15272e-12
7.525	0.0411219	6.80185e-12
7.55	0.0426814	5.67115e-12
7.575	0.0449062	4.72534e-12
7.6	0.0463557	3.93473e-12
7.625	0.0449461	3.27428e-12
7.65	0.0451397	2.72293e-12
7.675	0.0418066	2.26295e-12
7.7	0.0438284	1.87946e-12
7.725	0.0449936	1.55996e-12
7.75	0.0403868	1.29393e-12
7.775	0.0405953	1.07257e-12
7.8	0.0386926	8.88513e-13
7.825	0.0409066	7.35563e-13
7.85	0.0400457	6.0855e-13
7.875	0.0365885	5.03143e-13
7.9	0.0349801	4.15726e-13
7.925	0.0340575	3.43276e-13
7.95	0.0327921	2.83269e-13
7.975	0.0289704	2.336e-13
8	0.0331504	1.92517e-13
8.025	0.0356488	1.58557e-13
8.05	0.0322167	1.30503e-13
8.075	0.0299844	1.07344e-13
8.1	0.0326181	8.82373e-14
8.125	0.034309	7.2485e-14
8.15	0.0329644	5.95066e-14
8.175	0.0320073	4.88205e-14
8.2	0.0344786	4.00276e-14
8.225	0.0327522	3.27973e-14
8.25	0.0365538	2.68557e-14
8.275	0.0330922	2.19763e-14
8.3	0.0346672	1.7972e-14
8.325	0.0343351	1.46878e-14
8.35	0.0361145	1.1996e-14
8.375	0.0387045	9.79127e-15
8.4	0.0400991	7.9866e-15
8.425	0.0378131	6.51037e-15
8.45	0.0415691	5.30359e-15
8.475	0.0421893	4.31773e-15
8.5	0.0410595	3.51287e-15
8.525	0.0382747	2.85621e-15
8.55	0.0393875	2.3208e-15
8.575	0.0410217	1.88455e-15
8.6	0.0383094	1.52932e-15
8.625	0.0371771	1.24026e-15
8.65	0.0360945	1.00518e-15
8.675	0.0340182	8.14142e-16
8.7	0.0304713	6.58986e-16
8.725	0.028335	5.33057e-16
8.75	0.0263719	4.30916e-16
8.775	0.0268568	3.48124e-16
8.8	0.028757	2.81058e-16
8.825	0.028853	2.26767e-16
8.85	0.025687	1.82846e-16
8.875	0.026174	1.47337e-16
8.9	0.0217858	1.18648e-16
8.925	0.0243273	9.54838e-17
8.95	0.0267572	7.6793e-17
8.975	0.0297024	6.17214e-17
9	0.028814	4.95759e-17
9.025	0.0265009	3.9795e-17
9.05	0.0270032	3.19233e-17
9.075	0.0295106	2.55923e-17
9.1	0.0257217	2.05037e-17
9.125	0.0244906	1.64164e-17
9.15	0.0249882	1.31354e-17
9.175	0.0262935	1.05035e-17
9.2	0.0266573	8.39355e-18
9.225	0.0264332	6.70316e-18
9.25	0.0229391	5.34977e-18
9.275	0.0216451	4.26691e-18
9.3	0.0219871	3.40105e-18
9.325	0.0230863	2.70917e-18
9.35	0.020252	2.15666e-18
9.375	0.0207418	1.71573e-18
9.4	0.0218492	1.36407e-18
9.425	0.0220426	1.0838e-18
9.45	0.0182856	8.60567e-19
9.475	0.0158121	6.82876e-19
9.5	0.0170702	5.41528e-19
9.525	0.0143264	4.29164e-19
9.55	0.0150347	3.39898e-19
9.575	0.0157499	2.69027e-19
9.6	0.0139132	2.12797e-19
9.625	0.0158344	1.68212e-19
9.65	0.0151088	1.32884e-19
9.675	0.0156745	1.04909e-19
9.7	0.018123	8.27698e-20
9.725	0.0162472	6.52613e-20
9.75	0.017733	5.14236e-20
9.775	0.0181557	4.04941e-20
9.8	0.0192486	3.18672e-20
9.825	0.0175043	2.50622e-20
9.85	0.0186037	1.96978e-20
9.875	0.020052	1.54717e-20
9.9	0.021004	1.21446e-20
9.925	0.0167514	9.52684e-21
9.95	0.0175231	7.4686e-21
9.975	0.0202875	5.8513e-21
10	0.0172658	4.5813e-21
10.025	0.019881	3.58466e-21
10.05	0.0205061	2.80305e-21
10.075	0.0189349	2.19046e-21
10.1	0.0184094	1.71067e-21
10.125	0.0149429	1.33511e-21
10.15	0.0170726	1.04134e-21
10.175	0.0157196	8.11693e-22
10.2	0.0156164	6.32287e-22
10.225	0.0153302	4.9222e-22
10.25	0.0156787	3.82938e-22
10.275	0.0147477	2.97729e-22
10.3	0.0166605	2.31332e-22
10.325	0.0167414	1.79629e-22
10.35	0.017752	1.39392e-22
10.375	0.0180247	1.081e-22
10.4	0.0235545	8.37787e-23
10.425	0.0234793	6.48884e-23
10.45	0.0234026	5.02254e-23
10.475	0.0242763	3.88511e-23
10.5	0.02114	3.00336e-23
10.525	0.0247969	2.32025e-23
10.55	0.0221144	1.79138e-23
10.575	0.0204728	1.38217e-23
10.6	0.0180351	1.06576e-23
10.625	0.0190018	8.21264e-24
10.65	0.0177136	6.32454e-24
10.675	0.0213562	4.86742e-24
10.7	0.0215557	3.74363e-24
10.725	0.0229539	2.87746e-24
10.75	0.0208552	2.2103e-24
10.775	0.0189377	1.69675e-24
10.8	0.0222641	1.30168e-24
10.825	0.0248073	9.97973e-25
10.85	0.0204279	7.64638e-25
10.875	0.0259605	5.85487e-25
10.9	0.0195858	4.48025e-25
10.925	0.022886	3.42618e-25
10.95	0.0226787	2.61845e-25
10.975	0.0206923	1.99987e-25
11	0.0178471	1.52645e-25
11.025	0.0175065	1.16436e-25
11.05	0.015785	8.87598e-26
11.075	0.0142602	6.76191e-26
11.1	0.0124005	5.1481e-26
11.125	0.0113826	3.91695e-26
11.15	0.00733488	2.97834e-26
11.175	0.00780121	2.26321e-26
11.2	0.0101217	1.71869e-26
11.225	0.00972965	1.30436e-26
11.25	0.00735723	9.89282e-27
11.275	0.00485311	7.49837e-27
11.3	0.00565017	5.67987e-27
11.325	0.00689926	4.29966e-27
11.35	0.00771214	3.25277e-27
11.375	0.00460279	2.45922e-27
11.4	0.0055251	1.85809e-27
11.425	0.00566261	1.40301e-27
11.45	0.00568742	1.05871e-27
11.475	0.00456983	7.98398e-28
11.5	0.00413078	6.01708e-28
11.525	0.00357255	4.53186e-28
11.55	0.00231488	3.41108e-28
11.575	0.00220867	2.56585e-28
11.6	0.00128423	1.92884e-28
11.625	0.00140702	1.44905e-28
11.65	0.000824298	1.08792e-28
11.675	0.000827839	8.16274e-29
11.7	0.00166278	6.12066e-29
11.725	0.0010735	4.58654e-29
11.75	0.00131766	3.43477e-29
11.775	0.00132327	2.5706e-29
11.8	0.00120809	1.92263e-29
11.825	0.000727927	1.43708e-29
11.85	0.00121835	1.07347e-29
11.875	0.000611747	8.01357e-30
11.9	0.00073719	5.97841e-30
11.925	0.00209749	4.45728e-30
11.95	0.00260189	3.32108e-30
11.975	0.000746512	2.47294e-30
12	0.000624693	1.84023e-30
12.025	0.00025092	1.36854e-30
12.05	0.000755892	1.0171e-30
12.075	0.000379516	7.55436e-31
12.1	0.00114327	5.60732e-31
12.125	0.00025511	4.15948e-31
12.15	0.000384245	3.08352e-31
12.175	0.000514437	2.28444e-31
12.2	0.00193707	1.69136e-31
12.225	0.000648339	1.25147e-31
12.25	0.000781192	9.25394e-32
12.275	0.000784384	6.83848e-32
12.3	0.000262527	5.05029e-32
12.325	0.000131798	3.72734e-32
12.35	0.000132333	2.7492e-32
12.375	0.000531477	2.02646e-32
12.4	0.000133407	1.49278e-32
12.425	0	1.09895e-32
12.45	0.000672424	8.08511e-33
12.475	0.00148528	5.94454e-33
12.5	0.00149124	4.36793e-33
12.525	0.0013611	3.20744e-33
12.55	0.00232311	2.35378e-33
12.575	0.00178358	1.72623e-33
12.6	0.00179068	1.2652e-33
12.625	0.00318072	9.26704e-34
12.65	0.00430405	6.78343e-34
12.675	0.00320596	4.9623e-34
12.7	0.00293874	3.62778e-34
12.725	0.00112393	2.65049e-34
12.75	0.00070522	1.93524e-34
12.775	0.000141598	1.41211e-34
12.8	0.000426457	1.02974e-34
12.825	0.000285416	7.50436e-35
12.85	0.000143265	5.46542e-35
12.875	0	3.97795e-35
12.9	0	2.89347e-35
12.925	0	2.10332e-35
12.95	0	1.52798e-35
12.975	0	1.10931e-35
13	0	8.04851e-36
13.025	0	5.83583e-36
13.05	0	4.22878e-36
13.075	0	3.06234e-36
13.1	0	2.21624e-36
13.125	0	1.6029e-36
13.15	0	1.15856e-36
13.175	0	8.36874e-37
13.2	0	6.04123e-37
13.225	0	4.35829e-37
13.25	0	3.14219e-37
13.275	0	2.26398e-37
13.3	0	1.6302e-37
13.325	0	1.17309e-37
13.35	0	8.43628e-38
13.375	0	6.0631e-38
13.4	0	4.35475e-38
13.425	0	3.12578e-38
13.45	0	2.24222e-38
13.475	0	1.6074e-38
13.5	0	1.15158e-38
13.525	0	8.24503e-39
13.55	0	5.89949e-39
13.575	0	4.21855e-39
13.6	0	3.01465e-39
13.625	0	2.15296e-39
13.65	0	1.5366e-39
13.675	0	1.096e-39
13.7	0	7.81246e-40
13.725	0	5.56532e-40
13.75	0	3.96203e-40
13.775	0	2.81884e-40
13.8	0	2.00424e-40
13.825	0	1.42415e-40
13.85	0	1.01131e-40
13.875	0	7.17698e-41
13.9	0	5.09007e-41
13.925	0	3.60771e-41
13.95	0	2.55544e-41
13.975	0	1.80894e-41
14	0	1.2797e-41
14.025	0	9.04733e-42
14.05	0	6.3923e-42
14.075	0	4.51356e-42
14.1	0	3.18499e-42
14.125	0	2.24606e-42
14.15	0	1.58293e-42
14.175	0	1.11488e-42
14.2	0	7.84729e-43
14.225	0	5.51998e-43
14.25	0	3.88044e-43
14.275	0	2.72615e-43
14.3	0	1.91401e-43
14.325	0	1.34297e-43
14.35	0	9.41702e-44
14.375	0	6.59913e-44
14.4	0	4.62153e-44
14.425	0	3.23453e-44
14.45	0	2.26236e-44
14.475	0	1.58139e-44
14.5	0	1.10469e-44
14.525	0	7.71205e-45
14.55	0	5.38053e-45
14.575	0	3.75151e-45
14.6	0	2.61404e-45
14.625	0	1.82031e-45
14.65	0	1.26679e-45
14.675	0	8.81026e-46
14.7	0	6.1235e-46
14.725	0	4.25341e-46
14.75	0	2.95257e-46
14.775	0	2.04828e-46
14.8	0	1.42005e-46
14.825	0	9.83888e-47
14.85	0	6.8126e-47
14.875	0	4.71418e-47
14.9	0	3.26006e-47
14.925	0	2.25306e-47
14.95	0	1.55612e-47
14.975	0	1.07409e-47
15	0	7.40911e-48
15.025	0	5.10759e-48
15.05	0	3.51878e-48
15.075	0	2.42268e-48
15.1	0	1.66696e-48
15.125	0	1.14625e-48
15.15	0	7.87699e-49
15.175	0	5.40963e-49
15.2	0	3.7128e-49
15.225	0	2.5466e-49
15.25	0	1.74561e-49
15.275	0	1.1958e-49
15.3	0	8.18649e-50
15.325	0	5.60096e-50
15.35	0	3.8296e-50
15.375	0	2.6168e-50
15.4	0	1.78696e-50
15.425	0	1.21951e-50
15.45	0	8.31726e-51
15.475	0	5.66895e-51
15.5	0	3.86146e-51
15.525	0	2.62861e-51
15.55	0	1.78825e-51
15.575	0	1.21578e-51
15.6	0	8.26055e-52
15.625	0	5.60905e-52
15.65	0	3.80624e-52
15.675	0	2.58124e-52
15.7	0	1.7494e-52
15.725	0	1.18488e-52
15.75	0	8.02022e-53
15.775	0	5.42531e-53
15.8	0	3.66766e-53
15.825	0	2.47788e-53
15.85	0	1.67301e-53
15.875	0	1.12887e-53
15.9	0	7.61225e-54
15.925	0	5.12991e-54
15.95	0	3.45488e-54
15.975	0	2.32532e-54
16	0	1.56408e-54
16.025	0	1.05138e-54
16.05	0	7.06302e-55
16.075	0	4.74183e-55
16.1	0	3.18147e-55
16.125	0	2.13322e-55
16.15	0	1.42946e-55
16.175	0	9.57266e-56
16.2	0	6.4065e-56
16.225	0	4.28484e-56
16.25	0	2.86402e-56
16.275	0	1.91313e-56
16.3	0	1.27714e-56
16.325	0	8.52036e-57
16.35	0	5.68074e-57
16.375	0	3.78511e-57
16.4	0	2.52045e-57
16.425	0	1.67728e-57
16.45	0	1.11547e-57
16.475	0	7.41375e-58
16.5	0	4.9243e-58
16.525	0	3.26871e-58
16.55	0	2.16838e-58
16.575	0	1.43755e-58
16.6	0	9.52434e-59
16.625	0	6.30629e-59
16.65	0	4.17292e-59
16.675	0	2.75951e-59
16.7	0	1.82369e-59
16.725	0	1.20447e-59
16.75	0	7.95004e-60
16.775	0	5.24407e-60
16.8	0	3.45696e-60
16.825	0	2.27744e-60
16.85	0	1.49943e-60
16.875	0	9.86575e-61
16.9	0	6.48728e-61
16.925	0	4.26306e-61
16.95	0	2.79967e-61
16.975	0	1.83746e-61
17	0	1.2052e-61
17.025	0	7.89993e-62
17.05	0	5.17506e-62
17.075	0	3.38793e-62
17.1	0	2.21656e-62
17.125	0	1.44928e-62
17.15	0	9.47003e-63
17.175	0	6.18411e-63
17.2	0	4.0358e-63
17.225	0	2.63214e-63
17.25	0	1.7156e-63
17.275	0	1.1175e-63
17.3	0	7.27456e-64
17.325	0	4.73253e-64
17.35	0	3.07685e-64
17.375	0	1.99915e-64
17.4	0	1.29811e-64
17.425	0	8.42375e-65
17.45	0	5.46293e-65
17.475	0	3.54056e-65
17.5	0	2.29322e-65
17.525	0	1.48438e-65
17.55	0	9.60227e-66
17.575	0	6.20766e-66
17.6	0	4.01059e-66
17.625	0	2.5895e-66
17.65	0	1.6709e-66
17.675	0	1.07749e-66
17.7	0	6.94384e-67
17.725	0	4.47213e-67
17.75	0	2.87844e-67
17.775	0	1.85151e-67
17.8	0	1.1902e-67
17.825	0	7.64615e-68
17.85	0	4.90899e-68
17.875	0	3.14969e-68
17.9	0	2.01963e-68
17.925	0	1.2942e-68
17.95	0	8.28815e-69
17.975	0	5.30446e-69
18	0	3.39275e-69
18.025	0	2.16865e-69
18.05	0	1.38533e-69
18.075	0	8.84391e-70
18.1	0	5.64238e-70
18.125	0	3.59755e-70
18.15	0	2.29234e-70
18.175	0	1.45975e-70
18.2	0	9.28973e-71
18.225	0	5.90821e-71
18.25	0	3.75522e-71
18.275	0	2.38529e-71
18.3	0	1.51417e-71
18.325	0	9.60584e-72
18.35	0	6.09008e-72
18.375	0	3.85866e-72
18.4	0	2.44331e-72
18.425	0	1.54613e-72
18.45	0	9.77781e-73
18.475	0	6.17965e-73
18.5	0	3.90313e-73
18.525	0	2.46371e-73
18.55	0	1.55415e-73
18.575	0	9.79765e-74
18.6	0	6.17275e-74
18.625	0	3.88654e-74
18.65	0	2.44554e-74
18.675	0	1.53784e-74
18.7	0	9.66445e-75
18.725	0	6.06973e-75
18.75	0	3.80968e-75
18.775	0	2.38965e-75
18.8	0	1.49798e-75
18.825	0	9.38442e-76
18.85	0	5.87536e-76
18.875	0	3.67611e-76
18.9	0	2.29864e-76
18.925	0	1.43641e-76
18.95	0	8.97044e-77
18.975	0	5.59856e-77
19	0	3.49193e-77
19.025	0	2.17662e-77
19.05	0	1.35589e-77
19.075	0	8.44105e-78
19.1	0	5.25163e-78
19.125	0	3.26527e-78
19.15	0	2.02895e-78
19.175	0	1.25994e-78
19.2	0	7.81909e-79
19.225	0	4.84941e-79
19.25	0	3.00573e-79
19.275	0	1.86182e-79
19.3	0	1.15253e-79
19.325	0	7.13006e-80
19.35	0	4.4082e-80
19.375	0	2.72369e-80
19.4	0	1.68182e-80
19.425	0	1.03784e-80
19.45	0	6.40041e-81
19.475	0	3.94468e-81
19.5	0	2.42965e-81
19.525	0	1.49555e-81
19.55	0	9.2e-82
19.575	0	5.65588e-82
19.6	0	3.47489e-82
19.625	0	2.13357e-82
19.65	0	1.30919e-82
19.675	0	8.0283e-83
19.7	0	4.92008e-83
19.725	0	3.01334e-83
19.75	0	1.84438e-83
19.775	0	1.12819e-83
19.8	0	6.89666e-84
19.825	0	4.21331e-84
19.85	0	2.57238e-84
19.875	0	1.56954e-84
19.9	0	9.57061e-85
19.925	0	5.83221e-85
19.95	0	3.55184e-85
19.975	0	2.16173e-85
20	0	1.31485e-85
20.025	0	7.99242e-86
20.05	0	4.8552e-86
20.075	0	2.94757e-86
20.1	0	1.78833e-86
20.125	0	1.08432e-86
20.15	0	6.57048e-87
20.175	0	3.97889e-87
20.2	0	2.40799e-87
20.225	0	1.45638e-87
20.25	0	8.80283e-88
20.275	0	5.31736e-88
20.3	0	3.20995e-88
20.325	0	1.93654e-88
20.35	0	1.16757e-88
20.375	0	7.03504e-89
20.4	0	4.23621e-89
20.425	0	2.54926e-89
20.45	0	1.53313e-89
20.475	0	9.21452e-90
20.5	0	5.53468e-90
20.525	0	3.3223e-90
20.55	0	1.99303e-90
20.575	0	1.19485e-90
20.6	0	7.15886e-91
20.625	0	4.28647e-91
20.65	0	2.56498e-91
20.675	0	1.53389e-91
20.7	0	9.1671e-92
20.725	0	5.47517e-92
20.75	0	3.26806e-92
20.775	0	1.94944e-92
20.8	0	1.16214e-92
20.825	0	6.92359e-93
20.85	0	4.12224e-93
20.875	0	2.4528e-93
20.9	0	1.45854e-93
20.925	0	8.66767e-94
20.95	0	5.14771e-94
20.975	0	3.05529e-94
21	0	1.81225e-94
21.025	0	1.07426e-94
21.05	0	6.36402e-95
21.075	0	3.76772e-95
21.1	0	2.22923e-95
21.125	0	1.31813e-95
21.15	0	7.78909e-96
21.175	0	4.59985e-96
21.2	0	2.71474e-96
21.225	0	1.60118e-96
21.25	0	9.43799e-97
21.275	0	5.55963e-97
21.3	0	3.27295e-97
21.325	0	1.92558e-97
21.35	0	1.13217e-97
21.375	0	6.65252e-98
21.4	0	3.90652e-98
21.425	0	2.29256e-98
21.45	0	1.34456e-98
21.475	0	7.88069e-99
21.5	0	4.61612e-99
21.525	0	2.7022e-99
21.55	0	1.58083e-99
21.575	0	9.24231e-100
21.6	0	5.40012e-100
21.625	0	3.15321e-100
21.65	0	1.84005e-100
21.675	0	1.07309e-100
21.7	0	6.25414e-101
21.725	0	3.64273e-101
21.75	0	2.12038e-101
21.775	0	1.23347e-101
21.8	0	7.17085e-102
21.825	0	4.1662e-102
21.85	0	2.41901e-102
21.875	0	1.40366e-102
21.9	0	8.13978e-103
21.925	0	4.71728e-103
21.95	0	2.73211e-103
21.975	0	1.58136e-103
22	0	9.14731e-104
22.025	0	5.28789e-104
22.05	0	3.05491e-104
22.075	0	1.76377e-104
22.1	0	1.01768e-104
22.125	0	5.86829e-105
22.15	0	3.38172e-105
22.175	0	1.94756e-105
22.2	0	1.12091e-105
22.225	0	6.44734e-106
22.25	0	3.7061e-106
22.275	0	2.12902e-106
22.3	0	1.22228e-106
22.325	0	7.01276e-107
22.35	0	4.02101e-107
22.375	0	2.30414e-107
22.4	0	1.3195e-107
22.425	0	7.55157e-108
22.45	0	4.3191e-108
22.475	0	2.46874e-108
22.5	0	1.41022e-108
22.525	0	8.05054e-109
22.55	0	4.59294e-109
22.575	0	2.61869e-109
22.6	0	1.49212e-109
22.625	0	8.49675e-110
22.65	0	4.83536e-110
22.675	0	2.74999e-110
22.7	0	1.56301e-110
22.725	0	8.87811e-111
22.75	0	5.03972e-111
22.775	0	2.85904e-111
22.8	0	1.62092e-111
22.825	0	9.18393e-112
22.85	0	5.20025e-112
22.875	0	2.94271e-112
22.9	0	1.66417e-112
22.925	0	9.4054e-113
22.95	0	5.31231e-113
22.975	0	2.99859e-113
23	0	1.69152e-113
23.025	0	9.536e-114
23.05	0	5.37257e-114
23.075	0	3.025e-114
23.1	0	1.70215e-114
23.125	0	9.57185e-115
23.15	0	5.37926e-115
23.175	0	3.02118e-115
23.2	0	1.69573e-115
23.225	0	9.51188e-116
23.25	0	5.33216e-116
23.275	0	2.98722e-116
23.3	0	1.67247e-116
23.325	0	9.35789e-117
23.35	0	5.23269e-117
23.375	0	2.92415e-117
23.4	0	1.63306e-117
23.425	0	9.11445e-118
23.45	0	5.08379e-118
23.475	0	2.83382e-118
23.5	0	1.57864e-118
23.525	0	8.78869e-119
23.55	0	4.88981e-119
23.575	0	2.71886e-119
23.6	0	1.51081e-119
23.625	0	8.38995e-120
23.65	0	4.65626e-120
23.675	0	2.58251e-120
23.7	0	1.43145e-120
23.725	0	7.92932e-121
23.75	0	4.38959e-121
23.775	0	2.42851e-121
23.8	0	1.34271e-121
23.825	0	7.41915e-122
23.85	0	4.09688e-122
23.875	0	2.26089e-122
23.9	0	1.2469e-122
23.925	0	6.87249e-123
23.95	0	3.7855e-123
23.975	0	2.08382e-123
24	0	1.14637e-123
24.025	0	6.30255e-124
24.05	0	3.46287e-124
24.075	0	1.90144e-124
24.1	0	1.04342e-124
24.125	0	5.72216e-125
24.15	0	3.1361e-125
24.175	0	1.7177e-125
24.2	0	9.40228e-126
24.225	0	5.14335e-126
24.25	0	2.81181e-126
24.275	0	1.53623e-126
24.3	0	8.38785e-127
24.325	0	4.57693e-127
24.35	0	2.49589e-127
24.375	0	1.3602e-127
24.4	0	7.40817e-128
24.425	0	4.03223e-128
24.45	0	2.19334e-128
24.475	0	1.19233e-128
24.5	0	6.47759e-129
24.525	0	3.51688e-129
24.55	0	1.90823e-129
24.575	0	1.03474e-129
24.6	0	5.60736e-130
24.625	0	3.03678e-130
24.65	0	1.6436e-130
24.675	0	8.89012e-131
24.7	0	4.80558e-131
24.725	0	2.59605e-131
24.75	0	1.40154e-131
24.775	0	7.56184e-132
24.8	0	4.07734e-132
24.825	0	2.19712e-132
24.85	0	1.1832e-132
24.875	0	6.36782e-133
24.9	0	3.42492e-133
24.925	0	1.84093e-133
24.95	0	9.88902e-134
24.975	0	5.3088e-134
