[[10.0, 20.0], [0.6609431851178258, 0.9162348639447595]]
[[23.2811541857, 24.1489157425], [0.9824802022072915, 0.9990269611298614]]
[[24.1999448128, 24.1489157425], [0.9999884488282669, 0.9990269611298614]]
[[24.1999448128, 24.2005578685], [0.9999884488282669, 0.9999999913849007]]
expected_Rp: 159452500.0 radius: 0.999999991385 mass: 0.0230929118816
[[10.0, 20.0], [0.5507859875981881, 0.7635290532872996]]
[[31.1153304079, 35.4761687788], [0.933367773848343, 0.9892782447917181]]
[[36.3124314811, 35.4761687788], [0.9994788524219688, 0.9892782447917181]]
[[36.3124314811, 36.3551560224], [0.9994788524219688, 0.9999958745256003]]
expected_Rp: 191343000.0 radius: 0.999995874526 mass: 0.0404889002216
[[10.0, 20.0], [0.47210227508416125, 0.6544534742462568]]
[[38.9495066301, 48.5970417929], [0.8834259752551497, 0.9719587895052857]]
[[51.6527287328, 48.5970417929], [0.997464455944449, 0.9719587895052857]]
[[51.6527287328, 51.956497657], [0.997464455944449, 0.999942260871942]]
[[51.963576242, 51.956497657], [0.9999998081340079, 0.999942260871942]]
[[51.963576242, 51.9635998424], [0.9999998081340079, 1.0000000001602964]]
expected_Rp: 223233500.0 radius: 1.00000000016 mass: 0.0653964258328
[[10.0, 20.0], [0.4130894906986411, 0.5726467899654747]]
[[46.7836828524, 63.3380529707], [0.8367586283826707, 0.9504478446852377]]
[[70.5533786271, 63.3380529707], [0.993398428842173, 0.9504478446852377]]
[[70.5533786271, 71.6623853306], [0.993398428842173, 0.9997131960513574]]
[[71.712754171, 71.6623853306], [0.9999982827886463, 0.9997131960513574]]
[[71.712754171, 71.7130575662], [0.9999982827886463, 0.9999999990659184]]
expected_Rp: 255124000.0 radius: 0.999999999066 mass: 0.0995256508886
[[10.0, 20.0], [0.3671906583987921, 0.5090193688581998]]
[[54.6178590746, 79.5810035248], [0.7942897955330718, 0.9269631432362135]]
[[93.3232481967, 79.5810035248], [0.987213503116085, 0.9269631432362135]]
[[93.3232481967, 96.2396651115], [0.987213503116085, 0.9991251209229364]]
[[96.4538687722, 96.2396651115], [0.9999889520928165, 0.9991251209229364]]
[[96.4538687722, 96.4566083147], [0.9999889520928165, 0.9999999764815306]]
expected_Rp: 287014500.0 radius: 0.999999976482 mass: 0.144807739248
[[10.0, 20.0], [0.3304715925589129, 0.45811743197237975]]
[[62.4520352968, 97.2387946817], [0.7559472725261617, 0.9028281789359489]]
[[120.252628413, 97.2387946817], [0.9791090720827992, 0.9028281789359489]]
[[120.252628413, 126.555390766], [0.9791090720827992, 0.9979858962101619]]
[[127.227877698, 126.555390766], [0.9999557631372804, 0.9979858962101619]]
[[127.227877698, 127.242979587], [0.9999557631372804, 0.999999869389706]]
expected_Rp: 318905000.0 radius: 0.99999986939 mass: 0.203434797138
[[10.0, 20.0], [0.3004287205081026, 0.4164703927021634]]
[[70.2862115191, 116.243856666], [0.721357315117161, 0.8788116943070993]]
[[151.616192308, 116.243856666], [0.9693936473295341, 0.8788116943070993]]
[[151.616192308, 163.568001066], [0.9693936473295341, 0.9961360648675424]]
[[165.2948836, 163.568001066], [0.9998668538116732, 0.9961360648675424]]
[[165.2948836, 165.356513414], [0.9998668538116732, 0.999999381396644]]
expected_Rp: 350795500.0 radius: 0.999999381397 mass: 0.277904751614
[[10.0, 20.0], [0.27539299379909404, 0.3817645266436498]]
[[78.1203877413, 136.541698199], [0.6900840893602443, 0.8553500248600028]]
[[187.675291337, 136.541698199], [0.9583974188683086, 0.8553500248600028]]
[[187.675291337, 208.319088083], [0.9583974188683086, 0.993467834216283]]
[[212.164172363, 208.319088083], [0.9996745219708284, 0.993467834216283]]
[[212.164172363, 212.365808163], [0.9996745219708284, 0.999997563077105]]
expected_Rp: 382686000.0 radius: 0.999997563077 mass: 0.371071603717
[[10.0, 20.0], [0.25420891735300993, 0.35239802459413827]]
[[85.9545639635, 158.087218424], [0.6617119958454564, 0.832681329366425]]
[[228.679643422, 158.087218424], [0.9464291055382622, 0.832681329366425]]
[[228.679643422, 261.926001959], [0.9464291055382622, 0.9899283934806902]]
[[269.623696731, 261.926001959], [0.9993183032255002, 0.9899283934806902]]
[[269.623696731, 270.182540622], [0.9993183032255002, 0.9999909699700283]]
expected_Rp: 414576500.0 radius: 0.99999096997 mass: 0.48620145419
[[10.0, 20.0], [0.23605113754208062, 0.3272267371231284]]
[[93.7887401858, 180.842111485], [0.6358716003364876, 0.8109240975764583]]
[[274.86930331, 180.842111485], [0.9337578232805679, 0.8109240975764583]]
[[274.86930331, 325.576597431], [0.9337578232805679, 0.9855158110415728]]
[[339.766755538, 325.576597431], [0.9987288492840075, 0.9855158110415728]]
[[339.766755538, 341.131909359], [0.9987288492840075, 0.9999739799579311]]
[[341.160437577, 341.131909359], [0.9999998644309106, 0.9999739799579311]]
[[341.160437577, 341.160586993], [0.9999998644309106, 1.0000000000002967]]
expected_Rp: 446467000.0 radius: 1.0 mass: 0.627052589037
[[10.0, 20.0], [0.22031439503927525, 0.30541162131491983]]
[[101.622916408, 204.773459228], [0.6122431836413661, 0.7901264719268972]]
[[326.474427053, 204.773459228], [0.9206089754984829, 0.7901264719268972]]
[[326.474427053, 400.522397118], [0.9206089754984829, 0.9802638498462475]]
[[425.020342538, 400.522397118], [0.9978366945791123, 0.9802638498462475]]
[[425.020342538, 428.036162625], [0.9978366945791123, 0.9999364956598609]]
[[428.127370152, 428.036162625], [1.000000065394752, 0.9999364956598609]]
[[428.127370152, 428.127276326], [1.000000065394752, 0.9999999999481712]]
expected_Rp: 478357500.0 radius: 0.999999999948 mass: 0.797914403527
[[10.0, 20.0], [0.20654474534932055, 0.28632339498273734]]
[[109.45709263, 229.852407147], [0.5905535681363769, 0.7702928687016652]]
[[383.717823517, 229.852407147], [0.9071661645187677, 0.7702928687016652]]
[[383.717823517, 488.076505496], [0.9071661645187677, 0.974235492928446]]
[[528.165620201, 488.076505496], [0.9965776297483186, 0.974235492928446]]
[[528.165620201, 534.306473902], [0.9965776297483186, 0.9998623245884611]]
[[534.563862975, 534.306473902], [0.999999356120376, 0.9998623245884611]]
[[534.563862975, 534.565072387], [0.999999356120376, 1.0000000026097369]]
expected_Rp: 510248000.0 radius: 1.00000000261 mass: 1.00373321455
[[10.0, 20.0], [0.19439505444641933, 0.26948084233669395]]
[[117.291268852, 256.053436827], [0.5705700225033324, 0.7514025900432948]]
[[446.81506803, 256.053436827], [0.8935769428430095, 0.7514025900432948]]
[[446.81506803, 589.607601149], [0.8935769428430095, 0.96750792946691]]
[[652.363764289, 589.607601149], [0.9948991699896926, 0.96750792946691]]
[[652.363764289, 664.050293054], [0.9948991699896926, 0.999728992692472]]
[[664.706038594, 664.050293054], [0.9999980631045704, 0.999728992692472]]
[[664.706038594, 664.710758959], [0.9999980631045704, 1.0000000557356805]]
expected_Rp: 542138500.0 radius: 1.00000005574 mass: 1.25018714086
[[10.0, 20.0], [0.18359532919939606, 0.2545096844290999]]
[[125.125445075, 283.353724646], [0.5520942404430431, 0.7334206268597127]]
[[515.975112049, 283.353724646], [0.8799575366096187, 0.7334206268597127]]
[[515.975112049, 706.537642874], [0.8799575366096187, 0.9601671554670042]]
[[801.17277233, 706.537642874], [0.9927610646794353, 0.9601671554670042]]
[[801.17277233, 822.190735432], [0.9927610646794353, 0.9995091118982575]]
[[823.71969154, 822.190735432], [0.9999937887465892, 0.9995091118982575]]
[[823.71969154, 823.73928549], [0.9999937887465892, 0.9999999704435724]]
expected_Rp: 574029000.0 radius: 0.999999970444 mass: 1.54380769007
[[10.0, 20.0], [0.17393241713626995, 0.24111443788019987]]
[[132.959621297, 311.73288089], [0.534956617902263, 0.7163043314142353]]
[[591.401140408, 311.73288089], [0.8663982266936125, 0.7163043314142353]]
[[591.401140408, 840.339815359], [0.8663982266936125, 0.952301235104225]]
[[978.566258759, 840.339815359], [0.9901399710087461, 0.952301235104225]]
[[978.566258759, 1014.58534625], [0.9901399710087461, 0.9991687774909749]]
[[1017.90138546, 1014.58534625], [0.9999841182405488, 0.9991687774909749]]
[[1017.90138546, 1017.96597752], [0.9999841182405488, 0.9999999285069029]]
expected_Rp: 605919500.0 radius: 0.999999928507 mass: 1.89210400607
[[10.0, 20.0], [0.16523579627945645, 0.22905871598618988]]
[[140.793797519, 341.172132625], [0.5190120335396525, 0.700007467289206]]
[[673.291032, 341.172132625], [0.8529685562803748, 0.700007467289206]]
[[673.291032, 992.535106318], [0.8529685562803748, 0.9439943864887381]]
[[1188.95693736, 992.535106318], [0.9870268057739253, 0.9439943864887381]]
[[1188.95693736, 1248.17318889], [0.9870268057739253, 0.998672734722911]]
[[1254.92195705, 1248.17318889], [0.9999664886320065, 0.998672734722911]]
[[1254.92195705, 1255.09676653], [0.9999664886320065, 0.9999992915171478]]
expected_Rp: 637810000.0 radius: 0.999999291517 mass: 2.3037052772
[[10.0, 20.0], [0.15736742502805376, 0.2181511580820856]]
[[148.627973741, 371.654498079], [0.5041353637641979, 0.6844833278027991]]
[[761.83681672, 371.654498079], [0.8397212459565728, 0.6844833278027991]]
[[761.83681672, 1164.68901047], [0.8397212459565728, 0.9353269341044548]]
[[1437.20089734, 1164.68901047], [0.9834252327134081, 0.9353269341044548]]
[[1437.20089734, 1531.10902379], [0.9834252327134081, 0.9979844090424032]]
[[1544.1097847, 1531.10902379], [0.999931852635958, 0.9979844090424032]]
[[1544.1097847, 1544.56472347], [0.999931852635958, 0.9999999858021181]]
expected_Rp: 669700500.0 radius: 0.999999985802 mass: 2.78862400826
[[10.0, 20.0], [0.1502143602540513, 0.2082351963510817]]
[[156.462149964, 403.16431907], [0.49021846565439303, 0.6696847955693037]]
[[857.229866966, 403.16431907], [0.8266957833412394, 0.6696847955693037]]
[[857.229866966, 1358.41437135], [0.8266957833412394, 0.9263727810721454]]
[[1728.61835088, 1358.41437135], [0.9793498276539875, 0.9263727810721454]]
[[1728.61835088, 1872.92190258], [0.9793498276539875, 0.9970694411824077]]
[[1896.78754983, 1872.92190258], [0.9998721711540507, 0.9970694411824077]]
[[1896.78754983, 1897.87603077], [0.9998721711540507, 0.9999986422930873]]
expected_Rp: 701591000.0 radius: 0.999998642293 mass: 3.35812629102
[[10.0, 20.0], [0.14368330111257083, 0.19918149216190423]]
[[164.296326186, 435.687250618], [0.4771673299546085, 0.6555685795059729]]
[[959.649733204, 435.687250618], [0.8139201662509868, 0.6555685795059729]]
[[959.649733204, 1575.36097206], [0.8139201662509868, 0.917197580526543]]
[[2069.00598275, 1575.36097206], [0.9748235811036597, 0.917197580526543]]
[[2069.00598275, 2284.67622623], [0.9748235811036597, 0.9958967847631216]]
[[2326.66990899, 2284.67622623], [0.9997735720831075, 0.9958967847631216]]
[[2326.66990899, 2329.12259502], [0.9997735720831075, 0.9999980073714343]]
expected_Rp: 733481500.0 radius: 0.999998007371 mass: 4.02532391122
[[10.0, 20.0], [0.13769649689954702, 0.1908822633218249]]
[[172.130502408, 469.209843026], [0.4649000518879473, 0.6420913356400677]]
[[1069.28038689, 469.209843026], [0.801414572410001, 0.6420913356400677]]
[[1069.28038689, 1817.22693852], [0.801414572410001, 0.9078595323293988]]
[[2464.66149166, 1817.22693852], [0.9698793289545615, 0.9078595323293988]]
[[2464.66149166, 2779.0959829], [0.9698793289545615, 0.9944380336551067]]
[[2850.30796575, 2779.0959829], [0.999621447631229, 0.9944380336551067]]
[[2850.30796575, 2855.5086819], [0.999621447631229, 0.9999949769984915]]
expected_Rp: 765372000.0 radius: 0.999994976998 mass: 4.80545239541
[[10.0, 20.0], [0.13218863702356515, 0.18324697278895188]]
[[179.96467863, 503.719609602], [0.45334484131519903, 0.6292133490482522]]
[[1186.29779333, 503.719609602], [0.7891928056184317, 0.6292133490482522]]
[[1186.29779333, 2085.74072771], [0.7891928056184317, 0.8984113755050878]]
[[2922.34910493, 2085.74072771], [0.9645478902897213, 0.8984113755050878]]
[[2922.34910493, 3370.80835729], [0.9645478902897213, 0.9926765881627363]]
[[3487.56640319, 3370.80835729], [0.9993946122746369, 0.9926765881627363]]
[[3487.56640319, 3498.08793253], [0.9993946122746369, 0.99998977440094]]
[[3498.26870502, 3498.08793253], [0.9999993261394227, 0.99998977440094]]
[[3498.26870502, 3498.28145824], [0.9999993261394227, 1.0000000430989648]]
expected_Rp: 797262500.0 radius: 1.0000000431 mass: 5.71602444722
[[10.0, 20.0], [0.12710445867650497, 0.17619901229706914]]
[[187.798854853, 539.204881872], [0.44243853967771807, 0.6168972520372742]]
[[1310.87522599, 539.204881872], [0.7772627550777169, 0.6168972520372742]]
[[1310.87522599, 2382.67510301], [0.7772627550777169, 0.8888958868850377]]
[[3449.39582333, 2382.67510301], [0.9588680846167579, 0.8888958868850377]]
[[3449.39582333, 4076.44867901], [0.9588680846167579, 0.9905967755603303]]
[[4262.28422917, 4076.44867901], [0.9990759416132817, 0.9905967755603303]]
[[4262.28422917, 4282.53656267], [0.9990759416132817, 0.9999779429640665]]
[[4283.03180189, 4282.53656267], [0.9999999878742333, 0.9999779429640665]]
[[4283.03180189, 4283.0320743], [0.9999999878742333, 1.000000000351896]]
expected_Rp: 829153000.0 radius: 1.00000000035 mass: 6.77655835064
[[10.0, 20.0], [0.1223968861329307, 0.16967312295273324]]
[[195.633031075, 575.655128507], [0.43212517048558247, 0.6051080925828833]]
[[1443.18383652, 575.655128507], [0.765629041837536, 0.6051080925828833]]
[[1443.18383652, 2709.83180661], [0.765629041837536, 0.879352206311211]]
[[4053.60625818, 2709.83180661], [0.9528788825032084, 0.879352206311211]]
[[4053.60625818, 4914.79238954], [0.9528788825032084, 0.9881904746453262]]
[[5202.80544238, 4914.79238954], [0.9986418843036468, 0.9881904746453262]]
[[5202.80544238, 5240.23149883], [0.9986418843036468, 0.9999574720119478]]
[[5241.44134206, 5240.23149883], [0.9999993116409309, 0.9999574720119478]]
[[5241.44134206, 5241.46124679], [0.9999993116409309, 0.9999999823259271]]
expected_Rp: 861043500.0 radius: 0.999999982326 mass: 8.01011838285
[[10.0, 20.0], [0.11802556877104031, 0.1636133685615642]]
[[203.467207297, 613.059390728], [0.42235561577941716, 0.5938134622053347]]
[[1583.3902001, 613.059390728], [0.7542912873391724, 0.5938134622053347]]
[[1583.3902001, 3069.07044176], [0.7542912873391724, 0.8698138007136935]]
[[4743.33339161, 3069.07044176], [0.9466167086916103, 0.8698138007136935]]
[[4743.33339161, 5907.06103073], [0.9466167086916103, 0.9854573568536745]]
[[6342.78176599, 5907.06103073], [0.9980706639398562, 0.9854573568536745]]
[[6342.78176599, 6409.42976884], [0.9980706639398562, 0.9999221406073138]]
[[6412.2324901, 6409.42976884], [1.000001594051004, 0.9999221406073138]]
[[6412.2324901, 6412.17625993], [1.000001594051004, 0.9999998848673066]]
expected_Rp: 892934000.0 radius: 0.999999884867 mass: 9.44288337385
