[[10.0, 20.0], [1.297209050384093, 1.7912196662170046]]
[[6.15757457527, 3.98375174827], [1.0281399722092592, 0.8318562504932555]]
[[6.15757457527, 5.84592716302], [1.0281399722092592, 1.0026184196515309]]
[[5.81395325756, 5.84592716302], [0.9999583831273591, 1.0026184196515309]]
[[5.81395325756, 5.81445349654], [0.9999583831273591, 1.0000000747403028]]
expected_Rp: 159452500.0 radius: 1.00000007474 mass: 0.0114427287233
[[10.0, 20.0], [1.0810075419867442, 1.492683055180837]]
[[8.51402385799, 8.0322477439], [1.0012622300500889, 0.9737361201927365]]
[[8.51402385799, 8.49193165928], [1.0012622300500889, 1.0000194549129549]]
[[8.49158581892, 8.49193165928], [0.9999999815856587, 1.0000194549129549]]
[[8.49158581892, 8.49158614595], [0.9999999815856587, 1.0000000000003668]]
expected_Rp: 191343000.0 radius: 1.0 mass: 0.0198665315648
[[10.0, 20.0], [0.926577893131495, 1.2794426187264318]]
[[11.7649888374, 12.0807437395], [1.000588983787946, 1.013135148322715]]
[[11.7649888374, 11.7501656205], [1.000588983787946, 0.9999952204267492]]
expected_Rp: 223233500.0 radius: 0.999995220427 mass: 0.0317232934916
[[10.0, 20.0], [0.8107556564900581, 1.1195122913856277]]
[[16.1292397352, 15.6003337405], [1.0143671732403499, 0.9988442619475666]]
[[15.6397127444, 15.6003337405], [1.0000108123444955, 0.9988442619475666]]
[[15.6397127444, 15.6393477543], [1.0000108123444955, 1.0000000116401218]]
expected_Rp: 255124000.0 radius: 1.00000001164 mass: 0.0476574874454
[[10.0, 20.0], [0.7206716946578294, 0.9951220367872247]]
[[20.1777357308, 20.2161152636], [0.9991337310183585, 0.999996941242792]]
expected_Rp: 287014500.0 radius: 0.999996941243 mass: 0.0683470383675
[[10.0, 20.0], [0.6486045251920465, 0.8956098331085023]]
[[24.2262317264, 25.4502292566], [0.9765563427821236, 0.998297627723517]]
[[25.5460699333, 25.4502292566], [0.9999713537204487, 0.998297627723517]]
[[25.5460699333, 25.5477102728], [0.9999713537204487, 0.9999999178509458]]
expected_Rp: 318905000.0 radius: 0.999999917851 mass: 0.0945086806473
[[10.0, 20.0], [0.589640477447315, 0.8141907573713657]]
[[28.2747277221, 31.2453746982], [0.9509154937420232, 0.9935692665714737]]
[[31.6932468921, 31.2453746982], [0.9997637875046725, 0.9935692665714737]]
[[31.6932468921, 31.7103253732], [0.9997637875046725, 0.9999987647502571]]
expected_Rp: 350795500.0 radius: 0.99999876475 mass: 0.126902659722
[[10.0, 20.0], [0.5405037709933721, 0.7463415275904185]]
[[32.3232237177, 37.5606242841], [0.9243471641111876, 0.9863014074473679]]
[[38.7186566081, 37.5606242841], [0.9991944672379838, 0.9863014074473679]]
[[38.7186566081, 38.7910081671], [0.9991944672379838, 0.9999913070218979]]
expected_Rp: 382686000.0 radius: 0.999991307022 mass: 0.166338202523
[[10.0, 20.0], [0.49892655784003576, 0.6889306408526941]]
[[36.3717197133, 44.3650126618], [0.8979492213084631, 0.9770804766614404]]
[[46.6801846311, 44.3650126618], [0.9981204932207356, 0.9770804766614404]]
[[46.6801846311, 46.8869991742], [0.9981204932207356, 0.9999637452874792]]
[[46.8910669856, 46.8869991742], [0.9999997844611364, 0.9999637452874792]]
[[46.8910669856, 46.8910913139], [0.9999997844611364, 1.0000000001801956]]
expected_Rp: 414576500.0 radius: 1.00000000018 mass: 0.213680710011
[[10.0, 20.0], [0.4632889465657475, 0.6397213093632159]]
[[40.420215709, 51.6341416578], [0.8722855008543104, 0.9664283724176703]]
[[55.6330609539, 51.6341416578], [0.9964498649661047, 0.9664283724176703]]
[[55.6330609539, 56.1059456204], [0.9964498649661047, 0.9998954668036317]]
[[56.1202920679, 56.1059456204], [0.9999996827506583, 0.9998954668036317]]
[[56.1202920679, 56.1203357407], [0.9999996827506583, 0.9999999988015701]]
expected_Rp: 446467000.0 radius: 0.999999998802 mass: 0.269853667064
[[10.0, 20.0], [0.43240301679469767, 0.5970732220723348]]
[[44.4687117046, 59.3481402554], [0.8476339627623265, 0.9547683602595489]]
[[65.6301651463, 59.3481402554], [0.9941395198021548, 0.9547683602595489]]
[[65.6301651463, 66.5652578107], [0.9941395198021548, 0.9997577104343323]]
[[66.6055845298, 66.5652578107], [0.9999988383505233, 0.9997577104343323]]
[[66.6055845298, 66.6057788064], [0.9999988383505233, 1.0000000047940127]]
expected_Rp: 478357500.0 radius: 1.00000000479 mass: 0.335848962402
[[10.0, 20.0], [0.40537782824502905, 0.5597561456928138]]
[[48.5172077002, 67.4904303468], [0.82411520372479, 0.9424299714089681]]
[[76.7224898066, 67.4904303468], [0.9911829762080797, 0.9424299714089681]]
[[76.7224898066, 78.3921158787], [0.9911829762080797, 0.999518441433672]]
[[78.4885739306, 78.3921158787], [0.9999957062509885, 0.999518441433672]]
[[78.4885739306, 78.4894417228], [0.9999957062509885, 1.0000000206779311]]
expected_Rp: 510248000.0 radius: 1.00000002068 mass: 0.412731409765
[[10.0, 20.0], [0.3815320736423803, 0.5268293135932366]]
[[52.5657036959, 76.046918674], [0.8017621151756278, 0.9296667719541598]]
[[88.9589555728, 76.046918674], [0.9875994623598303, 0.9296667719541598]]
[[88.9589555728, 91.7227871583], [0.9875994623598303, 0.9991432367236193]]
[[91.92791499, 91.7227871583], [0.9999893033801666, 0.9991432367236193]]
[[91.92791499, 91.9305083725], [0.9999893033801666, 1.0000003171577307]]
expected_Rp: 542138500.0 radius: 1.00000031716 mass: 0.501645845929
[[10.0, 20.0], [0.3603358473289147, 0.49756101839361233]]
[[56.6141996915, 85.0054869012], [0.780558686471774, 0.9166702893768384]]
[[102.387089181, 85.0054869012], [0.9834271968269789, 0.9166702893768384]]
[[102.387089181, 106.70217633], [0.9834271968269789, 0.9985995029040463]]
[[107.100485393, 106.70217633], [0.999974779359019, 0.9985995029040463]]
[[107.100485393, 107.107789822], [0.999974779359019, 1.0000004782338878]]
expected_Rp: 574029000.0 radius: 1.00000047823 mass: 0.603825137711
[[10.0, 20.0], [0.341370802732656, 0.4713735963728959]]
[[60.6626956871, 94.3554882268], [0.7604628767402618, 0.9035851203393357]]
[[117.052774522, 94.3554882268], [0.9787139361532381, 0.9035851203393357]]
[[117.052774522, 123.483541199], [0.9787139361532381, 0.9978568024291489]]
[[124.203517159, 123.483541199], [0.9999495285704388, 0.9978568024291489]]
[[124.203517159, 124.220881216], [0.9999495285704388, 0.9999994103251476]]
expected_Rp: 605919500.0 radius: 0.999999410325 mass: 0.72059689359
[[10.0, 20.0], [0.32430226259602324, 0.44780491655425114]]
[[64.7111916828, 104.087387433], [0.7414197020281935, 0.8905187486609818]]
[[133.000752616, 104.087387433], [0.973513666008172, 0.8905187486609818]]
[[133.000752616, 142.227932684], [0.973513666008172, 0.9968900534139847]]
[[143.455497776, 142.227932684], [0.9999052894128415, 0.9968900534139847]]
[[143.455497776, 143.49405642], [0.9999052894128415, 0.9999993143474856]]
expected_Rp: 637810000.0 radius: 0.999999314347 mass: 0.853393838689
[[10.0, 20.0], [0.3088592977104983, 0.4264808729088106]]
[[68.7596876784, 114.192895812], [0.7233675252785818, 0.877552376565391]]
[[150.274185994, 114.192895812], [0.9678801349331072, 0.877552376565391]]
[[150.274185994, 163.104418837], [0.9678801349331072, 0.9956804773752012]]
[[165.097936764, 163.104418837], [0.9998343216659307, 0.9956804773752012]]
[[165.097936764, 165.177449309], [0.9998343216659307, 0.9999990597674476]]
expected_Rp: 669700500.0 radius: 0.999999059767 mass: 1.00376078955
[[10.0, 20.0], [0.2948202387236575, 0.40709537868568285]]
[[72.808183674, 124.664396353], [0.706244059941577, 0.8647449531643284]]
[[168.915342401, 124.664396353], [0.961868590112368, 0.8647449531643284]]
[[168.915342401, 186.288569091], [0.961868590112368, 0.99421198808353]]
[[189.397594407, 186.288569091], [0.9997268627846347, 0.99421198808353]]
[[189.397594407, 189.55157624], [0.9997268627846347, 0.9999980288658284]]
expected_Rp: 701591000.0 radius: 0.999998028866 mass: 1.17336663731
[[10.0, 20.0], [0.28200196747480283, 0.3893955796123923]]
[[76.8566796697, 135.495010775], [0.6899881307702991, 0.8521398203988659]]
[[188.965154617, 135.495010775], [0.9555316307718676, 0.8521398203988659]]
[[188.965154617, 211.962431582], [0.9555316307718676, 0.9924736410353108]]
[[216.647768422, 211.962431582], [0.9995739941044269, 0.9924736410353108]]
[[216.647768422, 216.928878544], [0.9995739941044269, 0.9999961340391437]]
expected_Rp: 733481500.0 radius: 0.999996134039 mass: 1.36401151379
[[10.0, 20.0], [0.27025188549668605, 0.37317076379520925]]
[[80.9051756653, 146.678370294], [0.6745414291624587, 0.8397672528219227]]
[[210.463918053, 146.678370294], [0.9489173721866524, 0.8397672528219227]]
[[210.463918053, 240.315771766], [0.9489173721866524, 0.9904634619304312]]
[[247.168001209, 240.315771766], [0.9993620192143311, 0.9904634619304312]]
[[247.168001209, 247.659270814], [0.9993620192143311, 0.999991938979879]]
expected_Rp: 765372000.0 radius: 0.99999193898 mass: 1.57764089469
[[10.0, 20.0], [0.2594418100768186, 0.35824393324340087]]
[[84.9536716609, 158.20898099], [0.6598481600298004, 0.8276489057466772]]
[[233.450796328, 158.20898099], [0.9420714496158997, 0.8276489057466772]]
[[233.450796328, 271.54337095], [0.9420714496158997, 0.9881802882317585]]
[[281.308163689, 271.54337095], [0.9990792925623557, 0.9881802882317585]]
[[281.308163689, 282.133057141], [0.9990792925623557, 0.999984802773706]]
[[282.146901372, 282.133057141], [0.9999994765978668, 0.999984802773706]]
[[282.146901372, 282.147395183], [0.9999994765978668, 1.0000000158840878]]
expected_Rp: 797262500.0 radius: 1.00000001588 mass: 1.81644044088
[[10.0, 20.0], [0.24946327892001788, 0.34446532042634703]]
[[89.0021676566, 170.081265562], [0.6458574608469463, 0.8157987011995048]]
[[257.96384844, 170.081265562], [0.9350334832327685, 0.8157987011995048]]
[[257.96384844, 305.847739338], [0.9350334832327685, 0.9856303271626194]]
[[319.446924444, 305.847739338], [0.9987125117219298, 0.9856303271626194]]
[[319.446924444, 320.785293532], [0.9987125117219298, 0.999972823355577]]
[[320.814153363, 320.785293532], [0.9999999753735789, 0.999972823355577]]
[[320.814153363, 320.814179538], [0.9999999753735789, 1.0000000007193672]]
expected_Rp: 829153000.0 radius: 1.00000000072 mass: 2.08254566266
[[10.0, 20.0], [0.24022389821927648, 0.33170734559574155]]
[[93.0506636522, 182.290376627], [0.6325213737149061, 0.8042242679667069]]
[[284.04154518, 182.290376627], [0.9278427656364576, 0.8042242679667069]]
[[284.04154518, 343.434621899], [0.9278427656364576, 0.9828172279584486]]
[[361.998472367, 343.434621899], [0.9982510375126328, 0.9828172279584486]]
[[361.998472367, 364.102131737], [0.9982510375126328, 0.9999550686458928]]
[[364.157600362, 364.102131737], [0.9999993986998712, 0.9999550686458928]]
[[364.157600362, 364.158352748], [0.9999993986998712, 0.9999999832753917]]
expected_Rp: 861043500.0 radius: 0.999999983275 mass: 2.37848433991
[[10.0, 20.0], [0.23164447328287374, 0.31986065468160796]]
[[97.0991596478, 194.831739261], [0.6197957362013826, 0.7929304731313663]]
[[311.720119831, 194.831739261], [0.9205309828161108, 0.7929304731313663]]
[[311.720119831, 384.517671714], [0.9205309828161108, 0.9797536723291637]]
[[409.404807053, 384.517671714], [0.997681967138441, 0.9797536723291637]]
[[409.404807053, 412.622580866], [0.997681967138441, 0.9999265524120259]]
[[412.727873246, 412.622580866], [1.0000015710155288, 0.9999265524120259]]
[[412.727873246, 412.725668247], [1.0000015710155288, 0.9999998858032288]]
expected_Rp: 892934000.0 radius: 0.999999885803 mass: 2.70691074943
